ID,A,C,D,E,F,G,H,I,K,L,M,N,P,Q,R,S,T,V,W,Y
1,0.00,18.18,3.03,6.06,6.06,21.21,0.00,3.03,6.06,6.06,0.00,3.03,0.00,0.00,0.00,6.06,12.12,0.00,3.03,6.06
2,13.33,6.67,0.00,6.67,6.67,6.67,6.67,0.00,6.67,6.67,0.00,6.67,6.67,0.00,6.67,6.67,0.00,6.67,0.00,6.67
3,1.96,15.69,3.92,5.88,3.92,5.88,1.96,3.92,7.84,7.84,0.00,5.88,1.96,3.92,3.92,5.88,9.80,3.92,0.00,5.88
4,7.55,15.09,1.89,5.66,7.55,7.55,7.55,0.00,3.77,0.00,1.89,1.89,1.89,3.77,11.32,11.32,7.55,3.77,0.00,0.00
5,7.41,4.94,2.47,3.70,3.70,8.64,4.94,2.47,22.22,4.94,1.23,1.23,2.47,3.70,4.94,2.47,6.17,6.17,0.00,6.17
6,12.82,0.00,2.56,2.56,2.56,10.26,7.69,10.26,17.95,0.00,0.00,7.69,0.00,0.00,5.13,5.13,2.56,10.26,0.00,2.56
7,5.71,0.00,5.71,2.86,2.86,2.86,0.00,10.00,18.57,12.86,1.43,1.43,5.71,5.71,5.71,5.71,7.14,2.86,0.00,2.86
8,1.61,8.06,4.84,1.61,4.84,3.23,0.00,14.52,8.06,9.68,1.61,3.23,4.84,1.61,6.45,4.84,8.06,4.84,0.00,8.06
9,7.69,23.08,0.00,0.00,7.69,0.00,7.69,7.69,7.69,0.00,0.00,7.69,7.69,0.00,0.00,7.69,0.00,7.69,0.00,7.69
10,13.95,13.95,2.33,2.33,4.65,11.63,4.65,4.65,4.65,6.98,0.00,6.98,0.00,2.33,4.65,6.98,2.33,6.98,0.00,0.00
11,4.76,12.70,0.00,6.35,3.17,6.35,1.59,0.00,11.11,12.70,0.00,7.94,9.52,3.17,3.17,7.94,1.59,4.76,0.00,3.17
12,8.51,0.00,12.77,6.38,0.00,17.02,2.13,0.00,14.89,14.89,0.00,0.00,0.00,0.00,0.00,8.51,0.00,14.89,0.00,0.00
13,0.00,0.00,25.00,25.00,0.00,0.00,0.00,0.00,25.00,25.00,0.00,0.00,0.00,0.00,0.00,0.00,0.00,0.00,0.00,0.00
14,8.96,0.00,1.49,1.49,2.99,4.48,5.97,1.49,26.87,5.97,4.48,4.48,0.00,0.00,8.96,5.97,5.97,5.97,1.49,2.99
15,0.00,0.00,0.00,0.00,0.00,0.00,0.00,0.00,12.50,0.00,0.00,0.00,25.00,0.00,25.00,0.00,0.00,0.00,37.50,0.00
16,2.30,0.00,8.05,6.90,6.90,3.45,0.00,5.75,14.94,10.34,3.45,6.90,0.00,3.45,2.30,9.20,8.05,3.45,0.00,4.60
17,1.28,0.00,2.56,0.00,0.00,43.59,19.23,1.28,1.28,5.13,0.00,0.00,2.56,16.67,0.00,0.00,5.13,0.00,0.00,1.28
18,8.24,0.00,2.35,5.88,1.18,3.53,4.71,7.06,4.71,12.94,0.00,4.71,5.88,9.41,3.53,11.76,9.41,3.53,0.00,1.18
19,0.00,0.00,0.00,0.00,0.00,0.00,0.00,11.11,22.22,0.00,0.00,0.00,0.00,0.00,33.33,0.00,0.00,0.00,22.22,11.11
20,3.92,15.69,0.00,3.92,3.92,7.84,3.92,3.92,3.92,3.92,0.00,11.76,3.92,3.92,9.80,7.84,1.96,1.96,1.96,5.88
21,10.94,1.56,1.56,0.00,3.12,9.38,6.25,4.69,21.88,9.38,1.56,1.56,4.69,0.00,9.38,1.56,6.25,4.69,0.00,1.56
22,5.00,2.00,2.00,5.00,2.00,5.00,5.00,6.00,8.00,11.00,2.00,3.00,5.00,4.00,16.00,10.00,4.00,2.00,2.00,1.00
23,8.00,16.00,2.00,6.00,4.00,8.00,6.00,0.00,10.00,2.00,0.00,8.00,0.00,2.00,6.00,8.00,6.00,0.00,6.00,2.00
24,13.75,10.00,0.00,5.00,7.50,5.00,2.50,3.75,6.25,6.25,2.50,6.25,5.00,2.50,2.50,6.25,3.75,7.50,1.25,2.50
25,0.00,0.00,7.41,7.41,11.11,7.41,14.81,0.00,7.41,3.70,0.00,7.41,3.70,0.00,7.41,7.41,0.00,0.00,0.00,14.81
26,0.00,0.00,0.00,0.00,0.00,0.00,0.00,0.00,50.00,50.00,0.00,0.00,0.00,0.00,0.00,0.00,0.00,0.00,0.00,0.00
27,3.23,12.90,4.84,9.68,4.84,9.68,1.61,4.84,11.29,0.00,3.23,4.84,8.06,1.61,0.00,6.45,3.23,0.00,3.23,6.45
28,4.65,0.00,4.65,8.14,2.33,3.49,2.33,6.98,15.12,3.49,2.33,3.49,1.16,3.49,8.14,4.65,6.98,13.95,0.00,4.65
29,4.55,27.27,0.00,0.00,0.00,0.00,0.00,9.09,0.00,4.55,0.00,4.55,13.64,22.73,13.64,0.00,0.00,0.00,0.00,0.00
30,10.99,0.00,8.79,4.40,2.20,4.40,0.00,9.89,7.69,7.69,1.10,4.40,5.49,1.10,10.99,1.10,4.40,10.99,0.00,4.40
31,3.51,14.04,1.75,3.51,1.75,10.53,1.75,10.53,7.02,1.75,3.51,8.77,3.51,0.00,3.51,12.28,5.26,3.51,0.00,3.51
32,6.82,13.64,0.00,4.55,2.27,13.64,2.27,2.27,6.82,2.27,0.00,13.64,0.00,0.00,4.55,6.82,4.55,6.82,4.55,4.55
33,5.88,5.88,5.88,5.88,0.00,7.35,2.94,11.76,13.24,7.35,1.47,2.94,4.41,4.41,4.41,4.41,5.88,5.88,0.00,0.00
34,2.99,0.00,4.48,8.96,1.49,7.46,0.00,4.48,5.97,8.96,2.99,2.99,2.99,1.49,14.93,5.97,8.96,14.93,0.00,0.00
35,7.04,4.23,7.04,8.45,5.63,7.04,0.00,2.82,11.27,16.90,4.23,4.23,0.00,2.82,2.82,4.23,7.04,4.23,0.00,0.00
36,3.49,6.98,1.16,5.81,4.65,8.14,2.33,2.33,11.63,11.63,2.33,4.65,2.33,1.16,6.98,8.14,8.14,4.65,2.33,1.16
37,5.88,15.69,0.00,1.96,3.92,7.84,3.92,3.92,7.84,3.92,1.96,9.80,5.88,3.92,5.88,5.88,1.96,3.92,1.96,3.92
38,0.00,14.63,0.00,0.00,2.44,9.76,0.00,9.76,2.44,7.32,0.00,7.32,9.76,2.44,14.63,7.32,4.88,4.88,2.44,0.00
39,14.29,1.10,8.79,7.69,0.00,13.19,2.20,0.00,10.99,9.89,0.00,2.20,6.59,3.30,3.30,7.69,0.00,7.69,0.00,1.10
40,9.76,14.63,4.88,0.00,4.88,14.63,4.88,2.44,9.76,7.32,0.00,2.44,0.00,0.00,4.88,7.32,2.44,4.88,0.00,4.88
41,26.32,0.00,0.00,0.00,5.26,5.26,0.00,0.00,21.05,31.58,0.00,0.00,0.00,5.26,0.00,5.26,0.00,0.00,0.00,0.00
42,3.03,3.03,2.02,3.03,5.05,3.03,2.02,9.09,11.11,9.09,2.02,6.06,3.03,2.02,15.15,9.09,2.02,4.04,1.01,5.05
43,0.00,11.11,0.00,0.00,11.11,11.11,11.11,0.00,0.00,0.00,0.00,11.11,0.00,0.00,11.11,11.11,0.00,11.11,0.00,11.11
44,3.70,14.81,0.00,5.56,3.70,1.85,3.70,3.70,14.81,5.56,0.00,3.70,7.41,5.56,3.70,7.41,5.56,7.41,0.00,1.85
45,15.46,0.00,3.09,3.09,6.19,6.19,2.06,4.12,6.19,11.34,0.00,1.03,4.12,1.03,16.49,4.12,5.15,6.19,2.06,2.06
46,3.92,11.76,3.92,7.84,1.96,1.96,1.96,3.92,15.69,7.84,3.92,7.84,5.88,1.96,1.96,1.96,3.92,5.88,1.96,3.92
47,4.84,0.00,0.00,19.35,0.00,3.23,1.61,19.35,12.90,11.29,0.00,3.23,0.00,12.90,3.23,1.61,1.61,3.23,1.61,0.00
48,10.59,0.00,7.06,5.88,4.71,3.53,2.35,9.41,7.06,5.88,2.35,5.88,4.71,8.24,3.53,3.53,2.35,5.88,1.18,5.88
49,9.52,0.00,14.29,4.76,0.00,19.05,2.38,0.00,16.67,11.90,0.00,0.00,0.00,0.00,0.00,4.76,0.00,16.67,0.00,0.00
50,0.00,0.00,0.00,7.14,0.00,0.00,7.14,14.29,7.14,28.57,0.00,7.14,0.00,7.14,14.29,7.14,0.00,0.00,0.00,0.00
51,0.00,15.69,5.88,5.88,1.96,5.88,0.00,3.92,11.76,3.92,0.00,1.96,17.65,1.96,13.73,0.00,0.00,3.92,1.96,3.92
52,5.63,4.23,5.63,11.27,8.45,2.82,0.00,5.63,7.04,14.08,2.82,5.63,4.23,2.82,7.04,2.82,4.23,5.63,0.00,0.00
53,4.55,0.00,3.03,12.12,1.52,3.03,0.00,7.58,12.12,18.18,4.55,4.55,0.00,4.55,13.64,3.03,6.06,0.00,0.00,1.52
54,2.27,2.27,9.09,15.91,6.82,4.55,0.00,2.27,11.36,15.91,2.27,4.55,0.00,2.27,4.55,4.55,6.82,4.55,0.00,0.00
55,16.67,0.00,8.33,0.00,0.00,0.00,0.00,8.33,0.00,8.33,0.00,0.00,0.00,0.00,33.33,0.00,0.00,25.00,0.00,0.00
56,14.04,10.53,5.26,7.02,1.75,8.77,1.75,1.75,3.51,5.26,0.00,5.26,1.75,1.75,10.53,3.51,5.26,7.02,0.00,5.26
57,4.26,17.02,2.13,6.38,10.64,10.64,4.26,0.00,2.13,0.00,0.00,4.26,4.26,4.26,6.38,8.51,12.77,2.13,0.00,0.00
58,11.46,0.00,8.33,6.25,2.08,5.21,1.04,6.25,6.25,13.54,1.04,5.21,2.08,3.12,10.42,8.33,4.17,4.17,0.00,1.04
59,11.90,0.00,3.57,1.19,1.19,22.62,1.19,3.57,0.00,10.71,1.19,8.33,5.95,3.57,0.00,11.90,4.76,4.76,2.38,1.19
60,4.62,6.15,1.54,4.62,4.62,4.62,1.54,7.69,15.38,3.08,1.54,7.69,3.08,1.54,9.23,7.69,7.69,6.15,0.00,1.54
61,0.00,0.00,3.33,13.33,3.33,13.33,26.67,0.00,6.67,0.00,0.00,0.00,0.00,3.33,16.67,6.67,0.00,0.00,0.00,6.67
62,15.38,15.38,2.56,0.00,0.00,5.13,5.13,5.13,2.56,5.13,0.00,7.69,0.00,0.00,10.26,5.13,5.13,5.13,5.13,5.13
63,8.33,16.67,0.00,0.00,16.67,0.00,8.33,8.33,8.33,0.00,0.00,0.00,16.67,0.00,0.00,0.00,0.00,8.33,0.00,8.33
64,1.47,17.65,4.41,1.47,2.94,14.71,1.47,2.94,2.94,1.47,2.94,10.29,4.41,4.41,1.47,7.35,4.41,7.35,2.94,2.94
65,6.35,12.70,4.76,3.17,0.00,4.76,1.59,3.17,14.29,6.35,0.00,7.94,3.17,0.00,4.76,4.76,7.94,4.76,1.59,7.94
66,1.49,8.96,7.46,7.46,10.45,4.48,1.49,5.97,5.97,1.49,2.99,4.48,2.99,0.00,10.45,2.99,4.48,7.46,1.49,7.46
67,6.90,13.79,8.62,3.45,0.00,6.90,0.00,13.79,5.17,3.45,0.00,3.45,6.90,1.72,3.45,8.62,5.17,5.17,0.00,3.45
68,0.00,8.33,0.00,0.00,0.00,0.00,0.00,16.67,0.00,0.00,0.00,0.00,0.00,0.00,50.00,0.00,0.00,16.67,8.33,0.00
69,1.92,15.38,5.77,3.85,3.85,5.77,0.00,1.92,13.46,5.77,3.85,5.77,3.85,3.85,3.85,3.85,9.62,1.92,1.92,3.85
70,9.76,0.00,2.44,4.88,0.00,2.44,2.44,7.32,4.88,19.51,0.00,4.88,0.00,21.95,7.32,0.00,2.44,4.88,2.44,2.44
71,9.38,0.00,0.00,3.12,0.00,31.25,0.00,12.50,15.62,9.38,0.00,0.00,0.00,6.25,0.00,3.12,3.12,3.12,0.00,3.12
72,4.88,0.00,7.32,12.20,7.32,4.88,2.44,9.76,4.88,12.20,4.88,4.88,7.32,0.00,7.32,7.32,2.44,0.00,0.00,0.00
73,4.41,2.94,2.94,13.24,0.00,4.41,0.00,5.88,14.71,10.29,2.94,5.88,1.47,1.47,1.47,2.94,10.29,4.41,0.00,10.29
74,0.00,13.33,0.00,6.67,0.00,13.33,6.67,0.00,6.67,13.33,0.00,6.67,0.00,6.67,0.00,13.33,6.67,0.00,0.00,6.67
75,0.00,0.00,6.35,4.76,3.17,6.35,4.76,11.11,11.11,9.52,4.76,6.35,3.17,3.17,3.17,9.52,4.76,3.17,0.00,4.76
76,8.33,16.67,0.00,8.33,0.00,8.33,8.33,8.33,8.33,8.33,0.00,0.00,0.00,0.00,16.67,8.33,0.00,0.00,0.00,0.00
77,7.32,14.63,9.76,2.44,7.32,12.20,2.44,2.44,7.32,0.00,0.00,7.32,4.88,0.00,4.88,2.44,2.44,2.44,0.00,9.76
78,0.00,0.00,9.09,9.09,9.09,6.06,6.06,9.09,9.09,12.12,6.06,6.06,3.03,3.03,6.06,0.00,3.03,0.00,0.00,3.03
79,5.88,15.69,0.00,3.92,3.92,7.84,3.92,3.92,5.88,3.92,0.00,9.80,5.88,3.92,7.84,7.84,1.96,1.96,1.96,3.92
80,13.33,0.00,20.00,0.00,6.67,13.33,0.00,13.33,0.00,6.67,0.00,6.67,6.67,0.00,6.67,0.00,0.00,6.67,0.00,0.00
81,16.67,0.00,0.00,0.00,0.00,0.00,8.33,16.67,0.00,8.33,0.00,0.00,0.00,0.00,25.00,0.00,0.00,25.00,0.00,0.00
82,4.55,6.82,12.50,9.09,1.14,5.68,4.55,2.27,14.77,13.64,1.14,5.68,4.55,0.00,0.00,1.14,2.27,7.95,2.27,0.00
83,9.33,8.00,4.00,8.00,1.33,9.33,1.33,5.33,1.33,10.67,0.00,2.67,0.00,6.67,9.33,12.00,6.67,1.33,0.00,2.67
84,3.49,1.16,2.33,8.14,4.65,3.49,3.49,6.98,18.60,5.81,1.16,3.49,2.33,2.33,4.65,5.81,4.65,15.12,0.00,2.33
85,10.59,4.71,1.18,3.53,1.18,10.59,1.18,3.53,7.06,4.71,2.35,0.00,2.35,3.53,12.94,7.06,9.41,8.24,2.35,3.53
86,9.09,0.00,0.00,2.27,0.00,4.55,2.27,6.82,2.27,20.45,0.00,4.55,0.00,22.73,6.82,2.27,6.82,6.82,2.27,0.00
87,16.67,0.00,0.00,0.00,0.00,0.00,0.00,16.67,0.00,8.33,0.00,0.00,0.00,0.00,33.33,0.00,0.00,25.00,0.00,0.00
88,4.26,2.13,4.26,8.51,0.00,2.13,0.00,8.51,14.89,12.77,2.13,8.51,0.00,6.38,0.00,6.38,8.51,6.38,0.00,4.26
89,7.87,6.74,4.49,7.87,2.25,6.74,4.49,0.00,5.62,8.99,1.12,3.37,6.74,5.62,8.99,4.49,4.49,5.62,0.00,4.49
90,4.08,0.00,4.08,0.00,6.12,4.08,2.04,4.08,24.49,8.16,2.04,6.12,2.04,0.00,4.08,16.33,2.04,6.12,2.04,2.04
91,6.00,16.00,2.00,4.00,4.00,10.00,8.00,0.00,14.00,2.00,0.00,12.00,0.00,2.00,2.00,6.00,4.00,2.00,4.00,2.00
92,10.00,0.00,0.00,0.00,0.00,0.00,0.00,20.00,0.00,10.00,0.00,0.00,0.00,0.00,30.00,0.00,0.00,30.00,0.00,0.00
93,0.00,8.00,4.00,8.00,10.00,2.00,2.00,4.00,2.00,18.00,0.00,0.00,4.00,4.00,0.00,14.00,4.00,6.00,2.00,8.00
94,6.25,12.50,3.12,3.12,3.12,9.38,0.00,9.38,7.81,1.56,1.56,12.50,4.69,3.12,0.00,12.50,6.25,1.56,0.00,1.56
95,5.00,6.67,6.67,5.00,8.33,5.00,0.00,5.00,10.00,10.00,5.00,3.33,1.67,0.00,1.67,5.00,10.00,3.33,1.67,6.67
96,3.03,18.18,12.12,3.03,6.06,3.03,3.03,0.00,6.06,12.12,6.06,3.03,9.09,0.00,3.03,9.09,0.00,3.03,0.00,0.00
97,6.38,8.51,4.26,0.00,8.51,2.13,2.13,8.51,4.26,10.64,2.13,4.26,6.38,4.26,14.89,0.00,0.00,6.38,0.00,6.38
98,6.67,0.00,4.44,4.44,2.22,7.78,5.56,6.67,14.44,7.78,3.33,1.11,6.67,1.11,6.67,6.67,4.44,6.67,1.11,2.22
99,13.21,0.00,3.77,1.89,1.89,9.43,0.00,13.21,15.09,7.55,1.89,3.77,0.00,7.55,0.00,1.89,0.00,9.43,7.55,1.89
100,15.56,0.00,0.00,2.22,4.44,6.67,2.22,2.22,6.67,4.44,4.44,6.67,2.22,2.22,28.89,4.44,6.67,0.00,0.00,0.00
101,2.94,11.76,8.82,5.88,5.88,2.94,0.00,5.88,5.88,5.88,2.94,5.88,2.94,8.82,5.88,5.88,5.88,0.00,2.94,2.94
102,17.14,0.00,5.71,8.57,0.00,0.00,0.00,8.57,11.43,5.71,0.00,2.86,0.00,8.57,5.71,11.43,2.86,11.43,0.00,0.00
103,2.99,8.96,2.99,4.48,8.96,1.49,1.49,13.43,4.48,8.96,5.97,5.97,5.97,2.99,0.00,8.96,2.99,5.97,0.00,2.99
104,3.77,15.09,7.55,3.77,1.89,5.66,1.89,5.66,9.43,3.77,0.00,5.66,7.55,1.89,0.00,9.43,3.77,3.77,0.00,9.43
105,15.00,12.00,3.00,3.00,1.00,5.00,0.00,0.00,4.00,10.00,3.00,2.00,9.00,2.00,10.00,7.00,4.00,8.00,1.00,1.00
106,3.26,5.43,6.52,2.17,1.09,4.35,1.09,10.87,10.87,4.35,0.00,2.17,2.17,1.09,9.78,14.13,7.61,9.78,0.00,3.26
107,4.76,0.00,0.00,4.76,2.38,9.52,0.00,2.38,19.05,7.14,4.76,4.76,0.00,2.38,19.05,7.14,9.52,2.38,0.00,0.00
108,4.08,16.33,4.08,6.12,6.12,4.08,6.12,0.00,6.12,0.00,0.00,6.12,2.04,8.16,10.20,8.16,6.12,4.08,0.00,2.04
109,10.53,15.79,0.00,0.00,10.53,5.26,10.53,5.26,5.26,0.00,0.00,5.26,5.26,0.00,5.26,5.26,0.00,5.26,0.00,10.53
110,3.12,0.00,0.00,0.00,12.50,12.50,0.00,9.38,6.25,6.25,0.00,0.00,3.12,6.25,25.00,3.12,6.25,6.25,0.00,0.00
111,0.00,15.69,5.88,5.88,3.92,5.88,1.96,3.92,11.76,1.96,0.00,1.96,17.65,5.88,7.84,1.96,0.00,3.92,1.96,1.96
112,6.00,16.00,2.00,4.00,4.00,8.00,8.00,0.00,12.00,2.00,0.00,8.00,0.00,2.00,4.00,8.00,8.00,2.00,4.00,2.00
113,7.69,7.69,0.00,7.69,7.69,7.69,7.69,0.00,7.69,7.69,0.00,7.69,0.00,0.00,7.69,7.69,0.00,7.69,0.00,7.69
114,1.54,12.31,7.69,3.08,3.08,9.23,0.00,3.08,13.85,3.08,3.08,3.08,9.23,3.08,6.15,3.08,4.62,4.62,3.08,3.08
115,9.09,1.30,5.19,2.60,2.60,7.79,1.30,6.49,12.99,7.79,1.30,2.60,2.60,2.60,12.99,2.60,6.49,6.49,0.00,5.19
116,11.36,0.00,0.00,4.55,2.27,2.27,0.00,6.82,13.64,6.82,4.55,4.55,9.09,4.55,4.55,0.00,6.82,2.27,4.55,11.36
117,0.00,8.33,0.00,0.00,0.00,0.00,0.00,16.67,8.33,0.00,0.00,0.00,0.00,0.00,16.67,0.00,0.00,8.33,41.67,0.00
118,3.37,0.00,7.87,3.37,5.62,5.62,0.00,10.11,10.11,10.11,4.49,11.24,3.37,2.25,4.49,6.74,2.25,3.37,2.25,3.37
119,11.76,0.00,0.00,0.00,0.00,0.00,0.00,11.76,23.53,5.88,0.00,0.00,0.00,0.00,17.65,0.00,0.00,5.88,11.76,11.76
120,8.06,6.45,4.84,0.00,9.68,3.23,0.00,4.84,8.06,14.52,3.23,3.23,4.84,1.61,1.61,1.61,4.84,14.52,0.00,4.84
121,13.11,0.00,0.00,4.92,4.92,13.11,0.00,4.92,16.39,16.39,3.28,3.28,1.64,1.64,1.64,1.64,3.28,9.84,0.00,0.00
122,7.89,10.53,1.32,3.95,9.21,6.58,5.26,1.32,2.63,5.26,2.63,1.32,2.63,2.63,9.21,10.53,7.89,9.21,0.00,0.00
123,3.57,7.14,5.95,4.76,2.38,5.95,1.19,10.71,13.10,8.33,4.76,1.19,2.38,2.38,7.14,8.33,3.57,7.14,0.00,0.00
124,8.33,11.11,4.17,6.94,4.17,9.72,1.39,2.78,2.78,9.72,5.56,1.39,1.39,2.78,11.11,4.17,2.78,5.56,2.78,1.39
125,2.82,8.45,5.63,5.63,5.63,4.23,0.00,11.27,5.63,5.63,1.41,2.82,4.23,2.82,12.68,12.68,4.23,0.00,0.00,4.23
126,2.02,4.04,4.04,1.01,4.04,4.04,1.01,7.07,13.13,13.13,1.01,7.07,1.01,5.05,12.12,9.09,2.02,4.04,1.01,4.04
127,13.21,0.00,3.77,0.00,1.89,9.43,0.00,9.43,15.09,11.32,1.89,3.77,0.00,7.55,0.00,3.77,0.00,9.43,7.55,1.89
128,3.16,3.16,3.16,17.89,2.11,10.53,2.11,3.16,4.21,11.58,1.05,4.21,5.26,2.11,5.26,4.21,4.21,9.47,2.11,1.05
129,2.99,11.94,4.48,5.97,1.49,13.43,1.49,10.45,7.46,1.49,1.49,2.99,11.94,1.49,4.48,0.00,4.48,5.97,1.49,4.48
130,11.32,1.89,0.00,5.66,13.21,1.89,0.00,7.55,5.66,9.43,3.77,0.00,1.89,0.00,0.00,7.55,9.43,7.55,1.89,11.32
131,4.76,6.35,4.76,3.17,4.76,9.52,0.00,9.52,9.52,7.94,1.59,4.76,1.59,6.35,3.17,3.17,4.76,11.11,0.00,3.17
132,9.26,11.11,7.41,9.26,1.85,5.56,1.85,3.70,5.56,12.96,0.00,3.70,5.56,1.85,3.70,9.26,5.56,1.85,0.00,0.00
133,6.82,2.27,0.00,13.64,2.27,18.18,6.82,6.82,2.27,9.09,2.27,4.55,2.27,6.82,2.27,2.27,2.27,2.27,2.27,4.55
134,5.00,0.00,0.00,10.00,0.00,10.00,0.00,5.00,0.00,0.00,5.00,5.00,10.00,5.00,5.00,10.00,0.00,10.00,10.00,10.00
135,9.23,1.54,1.54,3.08,3.08,16.92,3.08,9.23,10.77,7.69,4.62,1.54,3.08,1.54,1.54,6.15,3.08,10.77,0.00,1.54
136,10.00,3.33,0.00,3.33,6.67,13.33,0.00,0.00,0.00,3.33,0.00,6.67,6.67,6.67,6.67,3.33,6.67,20.00,3.33,0.00
137,0.00,8.11,0.00,2.70,0.00,2.70,5.41,8.11,16.22,0.00,8.11,5.41,5.41,5.41,18.92,2.70,0.00,10.81,0.00,0.00
138,0.00,13.33,0.00,0.00,0.00,13.33,0.00,0.00,6.67,6.67,0.00,0.00,6.67,13.33,6.67,13.33,6.67,6.67,6.67,0.00
139,4.26,17.02,0.00,4.26,8.51,10.64,6.38,0.00,4.26,0.00,0.00,4.26,0.00,6.38,14.89,6.38,8.51,4.26,0.00,0.00
140,0.00,0.00,0.00,0.00,11.11,0.00,0.00,11.11,11.11,0.00,0.00,0.00,11.11,0.00,44.44,0.00,0.00,0.00,11.11,0.00
141,2.99,0.00,0.00,14.93,1.49,1.49,0.00,7.46,17.91,8.96,1.49,1.49,4.48,8.96,13.43,1.49,2.99,7.46,0.00,2.99
142,1.08,2.15,5.38,12.90,1.08,4.30,2.15,7.53,17.20,6.45,5.38,0.00,3.23,1.08,11.83,7.53,2.15,4.30,0.00,4.30
143,1.67,13.33,5.00,10.00,5.00,8.33,3.33,3.33,10.00,5.00,1.67,3.33,5.00,3.33,1.67,3.33,5.00,3.33,0.00,8.33
144,11.67,0.00,10.00,21.67,5.00,1.67,1.67,1.67,8.33,8.33,3.33,1.67,3.33,8.33,5.00,3.33,1.67,1.67,0.00,1.67
145,21.82,10.91,3.64,0.00,9.09,10.91,1.82,0.00,1.82,9.09,0.00,3.64,7.27,3.64,3.64,7.27,3.64,1.82,0.00,0.00
146,2.00,0.00,3.00,2.00,5.00,3.00,2.00,10.00,10.00,10.00,4.00,5.00,6.00,5.00,17.00,9.00,3.00,1.00,0.00,3.00
147,12.00,12.00,6.00,12.00,4.00,2.00,2.00,2.00,6.00,0.00,2.00,10.00,2.00,4.00,6.00,2.00,6.00,6.00,0.00,4.00
148,3.92,11.76,7.84,5.88,1.96,3.92,1.96,3.92,9.80,3.92,0.00,0.00,3.92,3.92,7.84,7.84,9.80,7.84,0.00,3.92
149,2.33,1.16,11.63,6.98,2.33,4.65,1.16,9.30,8.14,9.30,3.49,6.98,0.00,3.49,3.49,4.65,3.49,9.30,2.33,5.81
150,6.25,18.75,0.00,0.00,12.50,6.25,6.25,6.25,6.25,0.00,0.00,6.25,6.25,0.00,0.00,6.25,0.00,6.25,0.00,12.50
151,0.00,0.00,0.00,0.00,6.25,0.00,0.00,12.50,25.00,6.25,0.00,6.25,0.00,12.50,18.75,0.00,0.00,0.00,12.50,0.00
152,11.11,11.11,0.00,0.00,11.11,0.00,11.11,0.00,11.11,0.00,0.00,11.11,11.11,0.00,0.00,0.00,0.00,11.11,0.00,11.11
153,4.26,17.02,2.13,2.13,4.26,14.89,0.00,4.26,8.51,0.00,2.13,6.38,4.26,8.51,12.77,4.26,0.00,2.13,2.13,0.00
154,4.23,11.27,1.41,1.41,8.45,7.04,1.41,4.23,5.63,15.49,1.41,1.41,5.63,1.41,8.45,4.23,7.04,4.23,0.00,5.63
155,3.16,0.00,10.53,10.53,2.11,5.26,0.00,10.53,6.32,12.63,1.05,6.32,1.05,2.11,6.32,4.21,2.11,4.21,1.05,10.53
156,1.75,14.04,7.02,15.79,0.00,5.26,15.79,0.00,1.75,1.75,0.00,3.51,3.51,1.75,5.26,1.75,3.51,7.02,0.00,10.53
157,4.35,1.09,5.43,11.96,4.35,3.26,1.09,4.35,6.52,9.78,1.09,3.26,5.43,0.00,7.61,5.43,4.35,9.78,2.17,8.70
158,13.33,3.33,3.33,3.33,3.33,13.33,0.00,3.33,0.00,3.33,0.00,10.00,6.67,3.33,10.00,3.33,6.67,6.67,3.33,3.33
159,14.44,1.11,8.89,7.78,0.00,13.33,2.22,0.00,11.11,8.89,0.00,2.22,6.67,3.33,3.33,7.78,0.00,7.78,0.00,1.11
160,3.53,0.00,1.18,7.06,2.35,7.06,2.35,7.06,12.94,9.41,0.00,2.35,4.71,2.35,5.88,9.41,7.06,12.94,0.00,2.35
161,5.13,2.56,0.00,3.85,6.41,5.13,3.85,10.26,15.38,3.85,2.56,3.85,7.69,1.28,6.41,8.97,5.13,6.41,1.28,0.00
162,7.89,5.26,5.26,0.00,6.58,1.32,2.63,5.26,2.63,10.53,7.89,6.58,7.89,5.26,6.58,1.32,5.26,6.58,0.00,5.26
163,12.50,12.50,0.00,0.00,6.25,6.25,12.50,0.00,12.50,0.00,0.00,6.25,6.25,0.00,6.25,6.25,0.00,6.25,0.00,6.25
164,7.37,0.00,7.37,9.47,3.16,4.21,0.00,6.32,13.68,3.16,4.21,3.16,2.11,0.00,9.47,5.26,7.37,10.53,0.00,3.16
165,0.00,17.02,6.38,4.26,4.26,8.51,4.26,2.13,6.38,6.38,0.00,12.77,4.26,0.00,10.64,4.26,6.38,0.00,2.13,0.00
166,15.25,8.47,0.00,1.69,3.39,3.39,6.78,5.08,11.86,0.00,1.69,6.78,3.39,1.69,8.47,8.47,3.39,8.47,0.00,1.69
167,3.12,0.00,6.25,6.25,3.12,7.81,1.56,3.12,6.25,6.25,4.69,1.56,1.56,4.69,15.62,6.25,6.25,15.62,0.00,0.00
168,5.56,9.72,1.39,1.39,1.39,1.39,2.78,5.56,13.89,6.94,1.39,4.17,9.72,2.78,15.28,2.78,6.94,4.17,1.39,1.39
169,3.66,9.76,0.00,0.00,4.88,14.63,1.22,2.44,2.44,7.32,1.22,1.22,12.20,3.66,9.76,8.54,1.22,10.98,0.00,4.88
170,16.67,0.00,0.00,0.00,0.00,0.00,8.33,16.67,0.00,8.33,0.00,0.00,0.00,0.00,33.33,0.00,0.00,16.67,0.00,0.00
171,10.87,0.00,0.00,0.00,4.35,6.52,2.17,0.00,10.87,6.52,4.35,4.35,2.17,4.35,23.91,6.52,6.52,6.52,0.00,0.00
172,4.55,13.64,4.55,4.55,2.27,15.91,2.27,2.27,6.82,2.27,0.00,9.09,0.00,0.00,6.82,4.55,4.55,6.82,4.55,4.55
173,6.82,13.64,2.27,2.27,2.27,13.64,2.27,2.27,6.82,2.27,0.00,11.36,0.00,2.27,4.55,6.82,4.55,6.82,4.55,4.55
174,13.33,13.33,0.00,0.00,6.67,6.67,13.33,0.00,6.67,0.00,0.00,6.67,6.67,0.00,6.67,6.67,0.00,6.67,0.00,6.67
175,6.67,0.00,20.00,0.00,6.67,13.33,0.00,13.33,0.00,6.67,0.00,6.67,6.67,0.00,6.67,6.67,0.00,6.67,0.00,0.00
176,3.77,15.09,3.77,3.77,3.77,9.43,5.66,0.00,16.98,1.89,0.00,9.43,1.89,3.77,3.77,1.89,5.66,1.89,5.66,1.89
177,0.00,0.00,0.00,7.14,7.14,7.14,28.57,0.00,14.29,0.00,0.00,0.00,0.00,0.00,21.43,7.14,0.00,0.00,0.00,7.14
178,9.76,1.22,8.54,4.88,3.66,7.32,2.44,6.10,6.10,6.10,2.44,4.88,1.22,8.54,7.32,4.88,4.88,6.10,1.22,2.44
179,3.17,4.76,9.52,12.70,7.94,1.59,0.00,6.35,9.52,17.46,3.17,1.59,3.17,1.59,6.35,3.17,4.76,3.17,0.00,0.00
180,5.80,1.45,5.80,7.25,2.90,1.45,0.00,5.80,23.19,11.59,0.00,2.90,4.35,1.45,7.25,4.35,4.35,7.25,0.00,2.90
181,2.86,5.71,7.14,2.86,5.71,8.57,4.29,5.71,11.43,2.86,2.86,5.71,4.29,1.43,7.14,7.14,5.71,7.14,0.00,1.43
182,3.45,10.34,6.90,3.45,3.45,5.17,8.62,13.79,1.72,6.90,1.72,3.45,6.90,1.72,0.00,5.17,5.17,8.62,0.00,3.45
183,6.00,16.00,0.00,2.00,2.00,8.00,4.00,4.00,8.00,4.00,0.00,10.00,6.00,6.00,6.00,6.00,2.00,4.00,2.00,4.00
184,6.76,4.05,5.41,10.81,5.41,6.76,0.00,6.76,10.81,10.81,5.41,2.70,0.00,0.00,4.05,8.11,6.76,5.41,0.00,0.00
185,8.20,1.64,3.28,8.20,6.56,11.48,6.56,6.56,4.92,11.48,4.92,3.28,1.64,4.92,3.28,1.64,3.28,6.56,0.00,1.64
186,8.33,0.00,25.00,0.00,0.00,0.00,8.33,0.00,8.33,8.33,0.00,0.00,0.00,0.00,0.00,8.33,0.00,33.33,0.00,0.00
187,5.66,15.09,3.77,3.77,3.77,11.32,5.66,0.00,16.98,1.89,0.00,9.43,0.00,1.89,3.77,1.89,5.66,1.89,5.66,1.89
188,1.56,9.38,3.12,3.12,4.69,1.56,3.12,15.62,7.81,12.50,3.12,4.69,3.12,1.56,6.25,6.25,1.56,6.25,0.00,4.69
189,7.89,18.42,2.63,5.26,2.63,13.16,0.00,2.63,2.63,10.53,5.26,2.63,0.00,2.63,5.26,5.26,0.00,2.63,0.00,10.53
190,1.75,14.04,3.51,1.75,3.51,15.79,3.51,3.51,5.26,1.75,0.00,3.51,3.51,1.75,7.02,3.51,12.28,3.51,0.00,10.53
191,2.78,9.72,6.94,2.78,8.33,8.33,1.39,6.94,5.56,5.56,2.78,1.39,5.56,1.39,5.56,5.56,6.94,11.11,0.00,1.39
192,4.92,1.64,3.28,14.75,11.48,4.92,0.00,3.28,8.20,18.03,1.64,4.92,3.28,1.64,8.20,3.28,3.28,3.28,0.00,0.00
193,3.12,7.81,3.12,6.25,1.56,1.56,3.12,10.94,18.75,4.69,0.00,9.38,1.56,3.12,9.38,3.12,7.81,1.56,0.00,3.12
194,6.67,0.00,6.67,6.67,6.67,0.00,0.00,6.67,13.33,26.67,0.00,0.00,0.00,6.67,6.67,0.00,0.00,6.67,0.00,6.67
195,1.92,1.92,1.92,7.69,3.85,1.92,1.92,9.62,11.54,7.69,1.92,5.77,3.85,3.85,7.69,7.69,7.69,3.85,1.92,5.77
196,0.00,12.00,4.00,4.00,4.00,6.00,2.00,6.00,14.00,4.00,0.00,4.00,4.00,6.00,8.00,4.00,6.00,8.00,0.00,4.00
197,0.00,0.00,0.00,0.00,0.00,0.00,0.00,16.67,8.33,0.00,0.00,0.00,0.00,8.33,25.00,0.00,0.00,8.33,33.33,0.00
198,1.56,1.56,3.12,0.00,1.56,4.69,1.56,6.25,15.62,9.38,1.56,9.38,1.56,4.69,10.94,6.25,12.50,4.69,1.56,1.56
199,4.65,9.30,9.30,2.33,6.98,0.00,6.98,9.30,11.63,6.98,2.33,2.33,2.33,2.33,6.98,2.33,4.65,4.65,0.00,4.65
200,2.15,0.00,2.15,5.38,5.38,9.68,4.30,7.53,8.60,9.68,3.23,4.30,4.30,2.15,7.53,4.30,6.45,7.53,1.08,4.30
201,0.00,17.65,0.00,5.88,11.76,11.76,11.76,5.88,0.00,0.00,0.00,0.00,5.88,0.00,17.65,0.00,11.76,0.00,0.00,0.00
202,0.00,8.33,0.00,0.00,0.00,16.67,0.00,0.00,8.33,8.33,0.00,0.00,8.33,8.33,8.33,16.67,8.33,0.00,8.33,0.00
203,10.00,10.00,1.11,5.56,4.44,3.33,3.33,6.67,5.56,5.56,6.67,5.56,4.44,3.33,4.44,7.78,3.33,6.67,1.11,1.11
204,3.61,4.82,7.23,8.43,4.82,2.41,2.41,7.23,7.23,9.64,3.61,0.00,3.61,4.82,3.61,1.20,7.23,9.64,1.20,7.23
205,6.98,13.95,4.65,0.00,6.98,11.63,0.00,0.00,6.98,6.98,0.00,2.33,0.00,6.98,6.98,9.30,9.30,4.65,0.00,2.33
206,5.48,0.00,4.11,10.96,5.48,2.74,1.37,6.85,10.96,6.85,2.74,8.22,0.00,6.85,4.11,4.11,9.59,6.85,0.00,2.74
207,0.00,0.00,0.00,0.00,16.28,2.33,0.00,6.98,0.00,0.00,0.00,2.33,46.51,0.00,23.26,0.00,0.00,2.33,0.00,0.00
208,11.76,0.00,1.96,3.92,0.00,3.92,1.96,7.84,3.92,17.65,0.00,3.92,0.00,21.57,7.84,1.96,1.96,5.88,1.96,1.96
209,6.76,5.41,5.41,5.41,0.00,5.41,4.05,6.76,14.86,14.86,0.00,4.05,4.05,1.35,4.05,5.41,6.76,4.05,0.00,1.35
210,7.58,12.12,1.52,4.55,9.09,7.58,6.06,1.52,3.03,6.06,1.52,1.52,3.03,3.03,9.09,9.09,7.58,6.06,0.00,0.00
211,2.78,16.67,0.00,0.00,0.00,19.44,2.78,2.78,8.33,0.00,0.00,11.11,5.56,8.33,5.56,5.56,0.00,2.78,2.78,5.56
212,4.26,0.00,2.13,3.19,3.19,5.32,8.51,12.77,11.70,7.45,4.26,8.51,4.26,0.00,6.38,6.38,5.32,4.26,1.06,1.06
213,5.00,2.50,5.00,7.50,2.50,5.00,2.50,6.25,3.75,6.25,0.00,2.50,5.00,3.75,11.25,7.50,6.25,8.75,5.00,3.75
214,12.90,8.60,2.15,0.00,1.08,9.68,0.00,4.30,7.53,8.60,0.00,8.60,7.53,2.15,1.08,8.60,10.75,4.30,0.00,2.15
215,8.33,10.71,2.38,7.14,7.14,4.76,1.19,2.38,4.76,3.57,3.57,3.57,3.57,5.95,4.76,7.14,4.76,11.90,1.19,1.19
216,6.82,0.00,0.00,0.00,2.27,6.82,2.27,0.00,15.91,4.55,4.55,4.55,2.27,2.27,27.27,6.82,4.55,6.82,0.00,2.27
217,2.38,0.00,9.52,4.76,2.38,2.38,2.38,7.14,9.52,11.90,11.90,14.29,2.38,2.38,0.00,4.76,2.38,4.76,0.00,4.76
218,8.33,0.00,0.00,0.00,16.67,8.33,16.67,0.00,25.00,0.00,0.00,0.00,0.00,0.00,16.67,0.00,0.00,0.00,0.00,8.33
219,4.35,0.00,0.00,2.17,2.17,8.70,0.00,2.17,10.87,4.35,4.35,0.00,2.17,0.00,28.26,6.52,15.22,8.70,0.00,0.00
220,10.87,0.00,7.61,2.17,1.09,9.78,0.00,5.43,9.78,9.78,4.35,1.09,1.09,4.35,7.61,7.61,0.00,11.96,0.00,5.43
221,16.67,8.33,0.00,0.00,0.00,0.00,0.00,16.67,0.00,8.33,0.00,0.00,0.00,0.00,33.33,0.00,0.00,16.67,0.00,0.00
222,3.51,10.53,7.02,1.75,10.53,1.75,1.75,8.77,7.02,8.77,7.02,3.51,5.26,0.00,1.75,8.77,1.75,8.77,0.00,1.75
223,0.00,18.18,0.00,9.09,9.09,0.00,0.00,0.00,0.00,9.09,0.00,18.18,0.00,0.00,0.00,9.09,9.09,9.09,9.09,0.00
224,16.67,33.33,0.00,0.00,0.00,0.00,16.67,16.67,16.67,0.00,0.00,0.00,0.00,0.00,0.00,0.00,0.00,0.00,0.00,0.00
225,5.68,1.14,4.55,5.68,4.55,4.55,0.00,5.68,12.50,10.23,1.14,4.55,4.55,6.82,10.23,1.14,3.41,9.09,0.00,4.55
226,12.70,0.00,1.59,1.59,3.17,14.29,4.76,7.94,9.52,7.94,4.76,1.59,3.17,1.59,3.17,3.17,4.76,12.70,0.00,1.59
227,4.55,0.00,3.41,5.68,4.55,3.41,2.27,10.23,18.18,11.36,2.27,9.09,1.14,2.27,6.82,4.55,5.68,2.27,0.00,2.27
228,6.00,16.00,2.00,4.00,4.00,10.00,8.00,0.00,12.00,2.00,0.00,10.00,0.00,2.00,4.00,4.00,8.00,2.00,4.00,2.00
229,3.70,7.41,1.85,3.70,5.56,11.11,0.00,0.00,11.11,5.56,5.56,0.00,5.56,5.56,14.81,3.70,1.85,5.56,0.00,7.41
230,5.88,15.69,0.00,3.92,3.92,7.84,3.92,3.92,7.84,3.92,0.00,9.80,5.88,3.92,3.92,7.84,1.96,3.92,1.96,3.92
231,9.80,0.00,0.00,0.00,1.96,1.96,3.92,3.92,17.65,9.80,1.96,5.88,1.96,5.88,15.69,3.92,5.88,3.92,3.92,1.96
232,6.00,16.00,2.00,6.00,4.00,10.00,6.00,0.00,14.00,2.00,0.00,10.00,0.00,2.00,2.00,4.00,6.00,2.00,6.00,2.00
233,0.00,0.00,0.00,0.00,0.00,8.33,0.00,25.00,8.33,33.33,0.00,0.00,0.00,0.00,0.00,16.67,8.33,0.00,0.00,0.00
234,7.61,0.00,3.26,4.35,3.26,4.35,6.52,8.70,10.87,7.61,3.26,6.52,4.35,1.09,8.70,5.43,4.35,7.61,1.09,1.09
235,5.56,14.81,9.26,0.00,5.56,9.26,0.00,3.70,5.56,0.00,1.85,9.26,5.56,3.70,7.41,11.11,5.56,0.00,0.00,1.85
236,4.21,2.11,8.42,11.58,5.26,3.16,3.16,7.37,7.37,11.58,0.00,3.16,3.16,5.26,5.26,11.58,0.00,1.05,1.05,5.26
237,5.88,15.69,5.88,3.92,1.96,7.84,1.96,7.84,11.76,13.73,0.00,1.96,0.00,5.88,0.00,3.92,5.88,1.96,1.96,1.96
238,12.86,1.43,1.43,11.43,4.29,1.43,1.43,1.43,12.86,5.71,0.00,2.86,4.29,0.00,20.00,2.86,4.29,8.57,0.00,2.86
239,6.25,13.54,4.17,2.08,1.04,8.33,2.08,7.29,10.42,6.25,3.12,3.12,5.21,2.08,7.29,6.25,4.17,5.21,0.00,2.08
240,3.33,0.00,5.56,7.78,1.11,2.22,4.44,6.67,13.33,12.22,3.33,3.33,2.22,5.56,10.00,2.22,4.44,7.78,1.11,3.33
241,8.62,10.34,3.45,3.45,6.90,0.00,1.72,6.90,10.34,8.62,3.45,8.62,1.72,1.72,5.17,3.45,5.17,6.90,1.72,1.72
242,8.70,17.39,0.00,4.35,0.00,17.39,0.00,0.00,0.00,4.35,0.00,8.70,4.35,13.04,4.35,4.35,4.35,0.00,0.00,8.70
243,0.00,15.79,0.00,0.00,5.26,10.53,2.63,10.53,2.63,0.00,0.00,5.26,7.89,2.63,18.42,2.63,7.89,5.26,2.63,0.00
244,5.13,5.13,5.13,3.85,2.56,6.41,2.56,2.56,20.51,5.13,2.56,1.28,2.56,2.56,8.97,3.85,6.41,6.41,0.00,6.41
245,11.76,0.00,0.00,0.00,5.88,11.76,5.88,0.00,11.76,17.65,0.00,0.00,5.88,0.00,17.65,0.00,0.00,11.76,0.00,0.00
246,6.25,4.17,4.17,2.08,2.08,16.67,0.00,6.25,8.33,2.08,0.00,6.25,0.00,2.08,8.33,4.17,4.17,10.42,4.17,8.33
247,6.12,2.04,4.08,9.18,6.12,5.10,2.04,8.16,12.24,10.20,1.02,6.12,2.04,3.06,3.06,4.08,6.12,4.08,1.02,4.08
248,2.13,17.02,2.13,2.13,6.38,6.38,2.13,4.26,14.89,6.38,2.13,0.00,6.38,6.38,4.26,8.51,6.38,0.00,0.00,2.13
249,3.90,15.58,5.19,3.90,1.30,1.30,2.60,7.79,7.79,3.90,1.30,9.09,3.90,5.19,6.49,6.49,5.19,3.90,0.00,5.19
250,16.67,0.00,0.00,0.00,0.00,0.00,0.00,16.67,0.00,8.33,0.00,0.00,0.00,0.00,33.33,0.00,0.00,16.67,0.00,8.33
251,3.23,19.35,3.23,3.23,3.23,3.23,0.00,6.45,9.68,3.23,3.23,0.00,9.68,3.23,6.45,6.45,6.45,6.45,3.23,0.00
252,10.71,0.00,3.57,0.00,0.00,10.71,0.00,7.14,17.86,14.29,0.00,7.14,3.57,3.57,0.00,3.57,0.00,14.29,3.57,0.00
253,8.06,6.45,3.23,1.61,4.84,4.84,1.61,4.84,12.90,4.84,4.84,3.23,8.06,0.00,16.13,3.23,0.00,3.23,3.23,4.84
254,6.00,16.00,2.00,4.00,4.00,10.00,8.00,0.00,12.00,2.00,0.00,8.00,0.00,2.00,4.00,8.00,6.00,2.00,4.00,2.00
255,1.75,10.53,5.26,1.75,7.02,0.00,3.51,7.02,10.53,3.51,3.51,3.51,7.02,0.00,3.51,7.02,1.75,19.30,0.00,3.51
256,5.88,1.47,2.94,11.76,4.41,4.41,2.94,4.41,16.18,2.94,1.47,2.94,0.00,5.88,5.88,4.41,10.29,8.82,0.00,2.94
257,6.12,1.02,3.06,9.18,5.10,8.16,2.04,3.06,17.35,5.10,3.06,7.14,1.02,4.08,9.18,5.10,4.08,3.06,2.04,1.02
258,16.67,13.33,0.00,0.00,0.00,16.67,0.00,6.67,0.00,3.33,0.00,0.00,6.67,6.67,3.33,20.00,0.00,3.33,0.00,3.33
259,3.64,9.09,5.45,7.27,3.64,5.45,3.64,9.09,5.45,9.09,3.64,5.45,3.64,1.82,1.82,3.64,3.64,9.09,1.82,3.64
260,8.82,13.24,4.41,8.82,5.88,2.94,1.47,2.94,5.88,7.35,4.41,7.35,2.94,4.41,4.41,1.47,4.41,5.88,0.00,2.94
261,2.22,17.78,6.67,2.22,4.44,8.89,4.44,0.00,6.67,6.67,0.00,2.22,0.00,2.22,8.89,8.89,8.89,6.67,0.00,2.22
262,33.33,0.00,0.00,0.00,0.00,8.33,0.00,0.00,0.00,16.67,0.00,0.00,0.00,0.00,8.33,0.00,8.33,16.67,0.00,8.33
263,6.49,7.79,6.49,5.19,0.00,10.39,1.30,10.39,9.09,16.88,0.00,0.00,2.60,0.00,0.00,3.90,6.49,10.39,0.00,2.60
264,5.56,0.00,0.00,0.00,5.56,11.11,0.00,11.11,27.78,16.67,0.00,0.00,0.00,0.00,0.00,0.00,5.56,11.11,5.56,0.00
265,7.27,10.91,7.27,0.00,5.45,5.45,0.00,0.00,10.91,1.82,0.00,9.09,3.64,3.64,7.27,5.45,12.73,3.64,0.00,5.45
266,3.06,0.00,10.20,4.08,5.10,17.35,1.02,6.12,12.24,11.22,2.04,1.02,2.04,4.08,6.12,6.12,2.04,3.06,1.02,2.04
267,9.09,1.30,2.60,5.19,3.90,6.49,3.90,6.49,6.49,6.49,2.60,6.49,2.60,1.30,15.58,3.90,6.49,7.79,1.30,0.00
268,5.71,2.86,2.86,1.43,0.00,2.86,2.86,5.71,17.14,12.86,1.43,4.29,1.43,5.71,8.57,7.14,8.57,4.29,2.86,1.43
269,0.00,0.00,0.00,0.00,5.26,5.26,0.00,15.79,36.84,10.53,0.00,0.00,0.00,0.00,15.79,0.00,0.00,5.26,5.26,0.00
270,0.00,0.00,27.27,0.00,0.00,0.00,9.09,0.00,9.09,18.18,0.00,0.00,0.00,0.00,0.00,9.09,0.00,27.27,0.00,0.00
271,3.03,18.18,6.06,0.00,6.06,9.09,3.03,3.03,6.06,0.00,0.00,3.03,6.06,0.00,9.09,3.03,12.12,0.00,3.03,9.09
272,0.00,0.00,0.00,0.00,7.14,0.00,0.00,0.00,42.86,28.57,0.00,7.14,0.00,0.00,7.14,0.00,0.00,0.00,0.00,7.14
273,2.30,0.00,0.00,5.75,0.00,6.90,0.00,5.75,17.24,5.75,1.15,4.60,2.30,1.15,5.75,6.90,10.34,12.64,1.15,10.34
274,6.90,0.00,3.45,13.79,1.72,5.17,10.34,6.90,6.90,8.62,1.72,1.72,0.00,12.07,3.45,3.45,1.72,1.72,8.62,1.72
275,12.50,0.00,3.12,0.00,6.25,25.00,0.00,0.00,9.38,15.62,3.12,3.12,0.00,9.38,0.00,3.12,0.00,9.38,0.00,0.00
276,12.50,6.25,0.00,6.25,6.25,6.25,12.50,0.00,12.50,0.00,0.00,6.25,6.25,0.00,6.25,6.25,0.00,6.25,0.00,6.25
277,6.00,16.00,6.00,4.00,0.00,8.00,2.00,8.00,4.00,0.00,2.00,6.00,8.00,2.00,4.00,8.00,4.00,4.00,0.00,8.00
278,6.78,0.00,8.47,5.08,5.08,6.78,0.00,11.86,1.69,15.25,1.69,1.69,3.39,5.08,6.78,5.08,6.78,5.08,0.00,3.39
279,3.51,0.00,3.51,3.51,7.02,12.28,3.51,8.77,14.04,7.02,1.75,12.28,0.00,1.75,3.51,5.26,1.75,1.75,0.00,8.77
280,1.82,12.73,1.82,0.00,3.64,9.09,5.45,7.27,3.64,9.09,3.64,5.45,9.09,3.64,7.27,7.27,3.64,0.00,1.82,3.64
281,6.67,0.00,0.00,0.00,6.67,0.00,0.00,6.67,0.00,0.00,0.00,6.67,6.67,6.67,13.33,13.33,20.00,0.00,6.67,6.67
282,5.10,0.00,5.10,6.12,5.10,2.04,4.08,6.12,12.24,7.14,6.12,6.12,5.10,5.10,4.08,5.10,4.08,8.16,0.00,3.06
283,2.41,2.41,4.82,8.43,2.41,4.82,3.61,8.43,12.05,6.02,1.20,2.41,2.41,1.20,8.43,4.82,7.23,14.46,1.20,1.20
284,5.00,6.67,1.67,6.67,1.67,10.00,1.67,3.33,21.67,3.33,5.00,1.67,5.00,3.33,5.00,0.00,5.00,3.33,1.67,8.33
285,4.40,0.00,5.49,12.09,5.49,1.10,1.10,6.59,7.69,6.59,3.30,5.49,1.10,3.30,4.40,5.49,9.89,5.49,2.20,8.79
286,0.00,10.00,3.33,0.00,10.00,3.33,1.67,13.33,8.33,6.67,5.00,3.33,8.33,5.00,5.00,3.33,1.67,6.67,1.67,3.33
287,2.70,8.11,0.00,2.70,0.00,5.41,2.70,16.22,10.81,2.70,2.70,2.70,5.41,5.41,21.62,5.41,0.00,5.41,0.00,0.00
288,12.70,0.00,0.00,3.17,7.94,17.46,3.17,11.11,11.11,7.94,4.76,4.76,1.59,1.59,3.17,0.00,4.76,3.17,0.00,1.59
289,1.33,8.00,1.33,9.33,4.00,6.67,4.00,6.67,13.33,6.67,0.00,4.00,2.67,4.00,4.00,5.33,5.33,8.00,0.00,5.33
290,3.45,10.34,3.45,5.17,0.00,8.62,10.34,0.00,10.34,5.17,0.00,6.90,1.72,6.90,1.72,6.90,6.90,6.90,0.00,5.17
291,20.00,0.00,4.29,0.00,2.86,8.57,0.00,15.71,7.14,5.71,0.00,2.86,0.00,1.43,1.43,10.00,5.71,10.00,1.43,2.86
292,15.49,1.41,1.41,11.27,4.23,1.41,1.41,0.00,14.08,4.23,1.41,1.41,4.23,2.82,16.90,2.82,1.41,11.27,0.00,2.82
293,2.99,8.96,2.99,1.49,5.97,8.96,1.49,4.48,7.46,4.48,4.48,5.97,10.45,1.49,2.99,5.97,4.48,5.97,1.49,7.46
294,4.44,14.44,4.44,3.33,2.22,5.56,1.11,2.22,11.11,11.11,1.11,3.33,5.56,1.11,4.44,12.22,2.22,4.44,0.00,5.56
295,1.28,7.69,2.56,5.13,7.69,2.56,1.28,10.26,6.41,7.69,5.13,3.85,7.69,3.85,2.56,6.41,7.69,7.69,0.00,2.56
296,5.43,0.00,3.26,4.35,4.35,6.52,6.52,6.52,13.04,6.52,3.26,3.26,4.35,2.17,7.61,5.43,7.61,8.70,1.09,0.00
297,9.88,9.88,3.70,11.11,3.70,4.94,0.00,4.94,11.11,8.64,3.70,3.70,4.94,1.23,3.70,4.94,7.41,1.23,0.00,1.23
298,10.61,18.18,0.00,0.00,0.00,9.09,3.03,3.03,6.06,3.03,1.52,6.06,7.58,1.52,12.12,6.06,6.06,3.03,0.00,3.03
299,6.82,13.64,2.27,4.55,2.27,13.64,2.27,2.27,6.82,2.27,0.00,9.09,0.00,0.00,6.82,6.82,4.55,6.82,4.55,4.55
300,10.31,0.00,3.09,3.09,7.22,8.25,0.00,8.25,8.25,12.37,2.06,2.06,1.03,2.06,2.06,3.09,5.15,15.46,1.03,5.15
301,5.88,7.06,4.71,1.18,4.71,1.18,3.53,8.24,9.41,7.06,3.53,7.06,7.06,1.18,9.41,3.53,4.71,5.88,1.18,3.53
302,6.38,0.00,0.00,0.00,4.26,8.51,2.13,2.13,6.38,4.26,4.26,4.26,2.13,2.13,31.91,8.51,8.51,4.26,0.00,0.00
303,6.90,0.00,6.90,1.72,1.72,5.17,6.90,0.00,12.07,3.45,1.72,1.72,3.45,0.00,13.79,6.90,13.79,6.90,0.00,6.90
304,6.67,17.78,0.00,0.00,2.22,6.67,0.00,0.00,11.11,11.11,0.00,6.67,4.44,2.22,11.11,11.11,4.44,2.22,0.00,2.22
305,0.00,0.00,0.00,0.00,16.67,33.33,0.00,0.00,0.00,16.67,0.00,0.00,16.67,0.00,0.00,0.00,0.00,0.00,0.00,16.67
306,6.00,16.00,2.00,4.00,4.00,10.00,6.00,0.00,10.00,2.00,0.00,10.00,0.00,2.00,6.00,8.00,4.00,2.00,6.00,2.00
307,0.00,8.11,5.41,0.00,0.00,5.41,5.41,8.11,16.22,0.00,5.41,2.70,5.41,5.41,16.22,2.70,0.00,13.51,0.00,0.00
308,2.50,10.00,5.00,2.50,10.00,2.50,5.00,5.00,12.50,2.50,2.50,0.00,10.00,2.50,5.00,2.50,5.00,10.00,0.00,5.00
309,1.54,12.31,1.54,3.08,1.54,6.15,3.08,3.08,7.69,4.62,1.54,7.69,4.62,15.38,9.23,3.08,7.69,1.54,4.62,0.00
310,8.16,8.16,0.00,6.12,0.00,2.04,4.08,0.00,16.33,8.16,4.08,10.20,0.00,0.00,4.08,8.16,10.20,6.12,0.00,4.08
311,3.08,1.54,6.15,6.15,1.54,7.69,0.00,3.08,6.15,10.77,4.62,3.08,1.54,6.15,13.85,3.08,6.15,15.38,0.00,0.00
312,6.12,0.00,8.16,4.08,0.00,2.04,4.08,0.00,16.33,6.12,2.04,8.16,2.04,4.08,16.33,4.08,6.12,6.12,4.08,0.00
313,3.70,14.81,0.00,5.56,0.00,5.56,1.85,7.41,12.96,3.70,1.85,3.70,3.70,7.41,5.56,5.56,3.70,5.56,1.85,5.56
314,3.33,0.00,1.67,11.67,5.00,5.00,0.00,11.67,13.33,8.33,0.00,10.00,3.33,0.00,6.67,8.33,5.00,3.33,0.00,3.33
315,4.94,6.17,6.17,2.47,8.64,0.00,3.70,6.17,9.88,12.35,1.23,7.41,2.47,2.47,3.70,6.17,3.70,6.17,1.23,4.94
316,8.82,4.41,2.94,7.35,2.94,8.82,2.94,4.41,5.88,10.29,4.41,2.94,2.94,1.47,4.41,13.24,1.47,10.29,0.00,0.00
317,10.20,1.02,3.06,4.08,3.06,5.10,0.00,5.10,18.37,4.08,1.02,1.02,5.10,4.08,10.20,12.24,3.06,8.16,0.00,1.02
318,8.54,6.10,0.00,1.22,1.22,7.32,4.88,3.66,7.32,2.44,1.22,4.88,2.44,2.44,20.73,4.88,8.54,4.88,2.44,4.88
319,10.53,0.00,0.00,2.63,0.00,18.42,7.89,13.16,18.42,2.63,0.00,2.63,2.63,0.00,2.63,2.63,2.63,10.53,0.00,2.63
320,3.39,10.17,5.08,3.39,5.08,3.39,0.00,8.47,10.17,5.08,3.39,6.78,5.08,3.39,0.00,6.78,1.69,11.86,0.00,6.78
321,2.60,0.00,3.90,15.58,6.49,3.90,2.60,7.79,15.58,6.49,1.30,0.00,1.30,0.00,11.69,5.19,1.30,10.39,0.00,3.90
322,6.94,2.78,1.39,1.39,4.17,9.72,1.39,5.56,5.56,9.72,2.78,1.39,4.17,1.39,12.50,11.11,6.94,8.33,0.00,2.78
323,0.00,0.00,0.00,0.00,0.00,0.00,0.00,25.00,0.00,12.50,0.00,0.00,0.00,0.00,25.00,0.00,0.00,12.50,25.00,0.00
324,8.70,4.35,1.09,5.43,3.26,11.96,1.09,6.52,16.30,2.17,2.17,0.00,5.43,0.00,9.78,3.26,5.43,8.70,1.09,3.26
325,0.00,15.69,5.88,5.88,1.96,5.88,0.00,5.88,11.76,1.96,0.00,1.96,17.65,5.88,9.80,0.00,0.00,3.92,1.96,3.92
326,8.89,17.78,4.44,6.67,6.67,8.89,4.44,2.22,8.89,0.00,0.00,2.22,0.00,8.89,8.89,2.22,2.22,4.44,2.22,0.00
327,0.00,15.00,0.00,0.00,0.00,0.00,0.00,0.00,0.00,85.00,0.00,0.00,0.00,0.00,0.00,0.00,0.00,0.00,0.00,0.00
328,2.99,0.00,4.48,8.96,1.49,8.96,0.00,4.48,5.97,8.96,2.99,1.49,2.99,1.49,14.93,2.99,11.94,14.93,0.00,0.00
329,4.55,13.64,2.27,2.27,2.27,13.64,2.27,2.27,6.82,4.55,0.00,11.36,0.00,2.27,4.55,6.82,4.55,6.82,4.55,4.55
330,5.88,10.59,0.00,9.41,4.71,4.71,2.35,1.18,3.53,3.53,5.88,5.88,7.06,3.53,4.71,9.41,2.35,11.76,1.18,2.35
331,11.67,6.67,0.00,3.33,5.00,6.67,1.67,3.33,11.67,8.33,0.00,0.00,3.33,1.67,18.33,3.33,3.33,6.67,1.67,3.33
332,10.00,1.00,5.00,6.00,2.00,6.00,0.00,4.00,11.00,11.00,2.00,5.00,2.00,1.00,7.00,7.00,4.00,12.00,1.00,3.00
333,0.00,0.00,0.00,0.00,0.00,0.00,0.00,0.00,11.11,0.00,0.00,0.00,0.00,0.00,33.33,0.00,0.00,0.00,55.56,0.00
334,16.67,0.00,0.00,8.33,0.00,0.00,0.00,16.67,0.00,8.33,0.00,0.00,0.00,0.00,25.00,0.00,0.00,25.00,0.00,0.00
335,4.62,15.38,0.00,3.08,3.08,15.38,1.54,3.08,0.00,1.54,0.00,1.54,7.69,12.31,16.92,4.62,3.08,4.62,0.00,1.54
336,0.00,14.29,10.71,1.79,5.36,5.36,1.79,3.57,7.14,3.57,1.79,3.57,3.57,1.79,3.57,10.71,8.93,5.36,5.36,1.79
337,9.09,1.52,1.52,1.52,4.55,10.61,3.03,6.06,12.12,9.09,3.03,3.03,3.03,3.03,3.03,6.06,3.03,12.12,0.00,4.55
338,0.00,19.05,0.00,0.00,4.76,4.76,9.52,0.00,0.00,0.00,0.00,14.29,0.00,0.00,19.05,0.00,0.00,19.05,4.76,4.76
339,7.95,0.00,6.82,4.55,2.27,5.68,5.68,3.41,7.95,13.64,1.14,2.27,0.00,3.41,11.36,10.23,3.41,7.95,0.00,2.27
340,8.33,0.00,0.00,0.00,16.67,8.33,16.67,0.00,25.00,0.00,0.00,0.00,0.00,0.00,16.67,0.00,0.00,0.00,0.00,8.33
341,3.33,0.00,2.22,8.89,6.67,6.67,2.22,4.44,16.67,12.22,2.22,3.33,0.00,3.33,13.33,6.67,1.11,4.44,0.00,2.22
342,5.88,17.65,2.94,2.94,0.00,17.65,2.94,2.94,2.94,0.00,0.00,8.82,5.88,5.88,5.88,5.88,0.00,2.94,2.94,5.88
343,4.44,4.44,4.44,4.44,2.22,17.78,0.00,15.56,17.78,6.67,2.22,4.44,0.00,0.00,2.22,4.44,2.22,6.67,0.00,0.00
344,2.15,0.00,2.15,3.23,3.23,8.60,4.30,8.60,8.60,6.45,6.45,3.23,5.38,2.15,9.68,7.53,7.53,5.38,1.08,4.30
345,6.58,9.21,1.32,5.26,6.58,7.89,1.32,10.53,6.58,3.95,1.32,3.95,3.95,2.63,5.26,6.58,6.58,6.58,0.00,3.95
346,5.17,10.34,6.90,3.45,10.34,1.72,1.72,12.07,5.17,5.17,5.17,3.45,6.90,0.00,5.17,1.72,5.17,8.62,0.00,1.72
347,2.70,4.05,5.41,5.41,5.41,5.41,0.00,8.11,8.11,13.51,4.05,1.35,2.70,1.35,4.05,8.11,9.46,4.05,1.35,5.41
348,14.29,0.00,10.00,1.43,2.86,5.71,2.86,1.43,4.29,12.86,1.43,2.86,1.43,1.43,18.57,1.43,1.43,15.71,0.00,0.00
349,0.00,0.00,0.00,0.00,0.00,0.00,0.00,42.86,0.00,0.00,0.00,0.00,14.29,0.00,0.00,14.29,0.00,28.57,0.00,0.00
350,5.68,2.27,2.27,6.82,5.68,4.55,2.27,5.68,4.55,6.82,1.14,6.82,3.41,3.41,7.95,9.09,6.82,6.82,0.00,7.95
351,4.08,0.00,3.06,9.18,3.06,9.18,2.04,7.14,19.39,6.12,3.06,2.04,4.08,3.06,5.10,1.02,3.06,8.16,1.02,6.12
352,8.79,13.19,3.30,1.10,1.10,9.89,3.30,2.20,5.49,7.69,3.30,3.30,6.59,2.20,6.59,5.49,5.49,7.69,0.00,3.30
353,5.88,11.76,0.00,0.00,17.65,0.00,5.88,11.76,11.76,0.00,0.00,5.88,5.88,0.00,5.88,5.88,0.00,11.76,0.00,0.00
354,17.58,8.79,1.10,0.00,0.00,9.89,1.10,7.69,6.59,6.59,0.00,5.49,7.69,2.20,2.20,10.99,5.49,3.30,0.00,3.30
355,13.73,0.00,1.96,3.92,0.00,3.92,1.96,7.84,3.92,15.69,0.00,3.92,0.00,21.57,7.84,1.96,1.96,5.88,1.96,1.96
356,9.09,13.64,9.09,6.82,6.82,2.27,2.27,0.00,2.27,9.09,2.27,2.27,6.82,6.82,2.27,2.27,4.55,4.55,0.00,6.82
357,7.02,12.28,7.02,3.51,8.77,1.75,0.00,12.28,10.53,3.51,3.51,5.26,3.51,0.00,3.51,5.26,0.00,8.77,0.00,3.51
358,7.14,4.76,2.38,4.76,3.57,10.71,2.38,3.57,9.52,1.19,1.19,4.76,4.76,5.95,7.14,3.57,7.14,10.71,0.00,4.76
359,12.64,1.15,6.90,5.75,2.30,8.05,1.15,3.45,1.15,10.34,3.45,1.15,3.45,11.49,5.75,6.90,3.45,6.90,3.45,1.15
360,2.90,1.45,5.80,7.25,1.45,7.25,0.00,4.35,4.35,8.70,2.90,1.45,2.90,5.80,15.94,7.25,8.70,11.59,0.00,0.00
361,12.00,0.00,4.00,12.00,0.00,8.00,0.00,8.00,0.00,4.00,0.00,4.00,0.00,8.00,4.00,4.00,8.00,12.00,4.00,8.00
362,11.63,13.95,2.33,2.33,6.98,9.30,9.30,2.33,4.65,6.98,0.00,4.65,2.33,0.00,4.65,4.65,6.98,4.65,2.33,0.00
363,4.30,1.08,9.68,2.15,3.23,5.38,2.15,8.60,4.30,6.45,4.30,1.08,2.15,6.45,8.60,5.38,7.53,10.75,0.00,6.45
364,4.08,16.33,4.08,4.08,4.08,6.12,0.00,6.12,10.20,4.08,0.00,8.16,4.08,4.08,4.08,2.04,6.12,8.16,0.00,4.08
365,12.20,0.00,3.66,4.88,4.88,7.32,1.22,6.10,4.88,6.10,1.22,4.88,3.66,4.88,13.41,7.32,1.22,9.76,1.22,1.22
366,1.41,4.23,7.04,11.27,7.04,5.63,0.00,5.63,11.27,15.49,2.82,2.82,1.41,1.41,7.04,5.63,4.23,5.63,0.00,0.00
367,16.67,0.00,0.00,0.00,0.00,0.00,0.00,16.67,0.00,8.33,0.00,0.00,0.00,0.00,25.00,8.33,0.00,25.00,0.00,0.00
368,12.77,6.38,5.32,6.38,5.32,6.38,0.00,4.26,1.06,11.70,1.06,3.19,1.06,6.38,11.70,9.57,5.32,1.06,0.00,1.06
369,8.00,16.00,2.00,4.00,4.00,10.00,6.00,0.00,12.00,2.00,0.00,14.00,0.00,2.00,4.00,2.00,6.00,0.00,6.00,2.00
370,24.14,0.00,6.90,10.34,0.00,0.00,0.00,10.34,10.34,6.90,0.00,0.00,0.00,6.90,6.90,6.90,3.45,6.90,0.00,0.00
371,4.00,4.00,4.00,7.00,6.00,3.00,5.00,10.00,7.00,9.00,4.00,3.00,8.00,2.00,6.00,4.00,5.00,5.00,0.00,4.00
372,2.04,6.12,2.04,10.20,0.00,2.04,2.04,4.08,12.24,8.16,2.04,10.20,4.08,0.00,14.29,2.04,10.20,4.08,0.00,4.08
373,15.91,2.27,2.27,0.00,0.00,15.91,0.00,2.27,0.00,6.82,2.27,4.55,9.09,2.27,6.82,2.27,9.09,11.36,4.55,2.27
374,6.52,0.00,4.35,2.17,4.35,7.61,5.43,3.26,13.04,6.52,3.26,2.17,4.35,4.35,7.61,8.70,5.43,9.78,1.09,0.00
375,6.90,0.00,1.72,5.17,0.00,5.17,6.90,8.62,8.62,8.62,3.45,1.72,3.45,3.45,8.62,5.17,8.62,12.07,0.00,1.72
